{
  "GlobalObjectId_V1-2-e353d3b143b624e16a897fc97468eb95-1110251875-0": {
    "GameObjectId": "GlobalObjectId_V1-2-e353d3b143b624e16a897fc97468eb95-1110251875-0",
    "SectionColorRed": 1.0,
    "SectionColorGreen": 0.5,
    "SectionColorBlue": 0.833333254,
    "SectionAltColorRed": 0.5,
    "SectionAltColorGreen": 0.125,
    "SectionAltColorBlue": 0.37499994
  },
  "GlobalObjectId_V1-2-e353d3b143b624e16a897fc97468eb95-1364063229-0": {
    "GameObjectId": "GlobalObjectId_V1-2-e353d3b143b624e16a897fc97468eb95-1364063229-0",
    "SectionColorRed": 0.8333335,
    "SectionColorGreen": 0.5,
    "SectionColorBlue": 1.0,
    "SectionAltColorRed": 0.375000119,
    "SectionAltColorGreen": 0.125,
    "SectionAltColorBlue": 0.5
  },
  "GlobalObjectId_V1-2-e353d3b143b624e16a897fc97468eb95-33375763-0": {
    "GameObjectId": "GlobalObjectId_V1-2-e353d3b143b624e16a897fc97468eb95-33375763-0",
    "SectionColorRed": 0.5,
    "SectionColorGreen": 1.0,
    "SectionColorBlue": 0.8333334,
    "SectionAltColorRed": 0.0,
    "SectionAltColorGreen": 0.451816082,
    "SectionAltColorBlue": 1.0
  }
}